Bottom Up 
-1   0   0   0   0   -1   0   0   
0   -1   1   1   1   -1   -1   1   
-1   -1   1   4   -1   -1   -1   5   
-1   -1   1   -1   -1   -1   -1   9   
-1   -1   -1   -1   -1   -1   -1   9   
9


Top down 
9   -1   -1   -1   -1   -1   -1   -1   
9   7   -1   -1   -1   -1   -1   -1   
7   7   -1   5   0   -1   -1   -1   
7   7   -1   0   0   0   -1   0   
0   0   -1   0   0   0   0   -1   
9
Tabulation 
0   0   0   0   0   0   0   0   
0   1   1   1   1   1   1   1   
0   1   1   4   5   5   5   5   
0   1   1   4   5   6   6   9   
0   1   1   4   5   7   8   9   
9
