-1  -1  -1  -1  -1  -1  -1  -1  -1  -1  -1  
0  -1  -1  -1  -1  -1  -1  -1  -1  -1  -1  
0  -1  -1  -1  -1  -1  -1  -1  -1  -1  -1  
0  -1  -1  -1  -1  -1  -1  -1  -1  -1  -1  
0  -1  -1  -1  -1  -1  -1  -1  -1  -1  -1  
0  -1  -1  -1  -1  -1  -1  -1  -1  -1  -1  
-1  -1  -1  -1  -1  -1  -1  -1  -1  -1  0  

0  0  0  0  0  0  0  0  0  0  0  
0  0  0  4  4  4  4  4  4  4  4  
0  0  3  4  4  7  7  7  7  7  7  
0  2  3  5  6  7  9  9  9  9  9  
0  2  3  5  6  7  9  9  9  9  10  
0  2  3  5  6  7  9  9  9  9  10  
0  2  6  8  9  11  12  13  15  15  15  

0
15
