0   0   0   0   0   0   0   0   0   0   0   0   0   
0   3   3   3   3   3   3   3   3   3   3   -1   3   
0   3   4   7   7   7   7   7   7   7   -1   -1   7   
-1   3   4   7   -1   9   12   12   12   -1   -1   -1   12   
0   3   -1   -1   -1   9   12   12   -1   -1   -1   -1   15   
-1   -1   -1   -1   -1   9   12   -1   -1   -1   -1   -1   20   
-1   -1   -1   -1   -1   9   -1   -1   -1   -1   -1   -1   21   
-1   -1   -1   -1   -1   -1   -1   -1   -1   -1   -1   -1   21   

0   0   0   0   0   0   0   0   0   0   0   0   0   
0   3   3   3   3   3   3   3   3   3   3   3   3   
0   3   4   7   7   7   7   7   7   7   7   7   7   
0   3   4   7   8   9   12   12   12   12   12   12   12   
0   3   4   7   8   9   12   12   12   12   15   15   15   
0   3   4   7   8   9   12   12   15   16   17   20   20   
0   3   4   7   8   9   12   12   15   16   17   20   21   
0   3   4   7   8   9   12   12   15   16   17   20   21   

